0
textures/15.png 0
6 10 12 13
3 8
1 14
17 19
18
2 10 12 16
7 8
1 11

1
textures/15.png 0
0
18
17
8
10
0
18
17

2
textures/0.png 0
18
17
0 19
11
7 16
4 14
6 9
3 5 13 15

3
textures/0.png 0
2 9 15 16
5 7
4 11
6 13
14
17 19
0
18

4
textures/15.png 0
5 7
4 11
2 9
5
9
3 5
4 14
6 9

5
textures/0.png 0
2 9 15 16
5 7
4 11
9 15
4
6 9 13 15
3 5
4 14

6
textures/0.png 0
4 11
2 9
5 7 15 16
14
3 13
18
17
0 19

7
textures/0.png 0
17 19
0
18
2 16
11
6 9 13 15
3 5
4 14

8
textures/0.png 0
17 19
0
18
10 12
1
17 19
0
18

9
textures/0.png 0
4 11
2 9
5 7 15 16
4
5 15
4 14
6 9
3 5 13 15

10
textures/0.png 0
18
17
0 19
1
8 12
18
17
0 19

11
textures/15.png 0
0
18
17
7
2
3 5
4 14
6 9

12
textures/0.png 0
17 19
19
0 19
10 12
8 12
17 19
19
0 19

13
textures/0.png 0
2 9 15 16
15 16
5 7 15 16
6 13
3 13
17 19
19
0 19

14
textures/15.png 0
5 7
4 11
2 9
3
6
0
18
17

15
textures/0.png 0
2 9 15 16
15 16
5 7 15 16
9 15
5 15
6 9 13 15
13 15
3 5 13 15

16
textures/0.png 0
17 19
19
0 19
2 16
7 16
6 9 13 15
13 15
3 5 13 15

17
textures/15.png 0
1 14
6 10
3 8 12 13
18
0 19
1 11
2 10
7 8 12 16

18
textures/15.png 0
3 8
1 14
6 10
0
17
7 8
1 11
2 10

19
textures/15.png 0
6 10 12 13
12 13
3 8 12 13
17 19
0 19
2 10 12 16
12 16
7 8 12 16

